$ANSIBLE_VAULT;1.1;AES256
66623035633164633731393436366331616136373636356561303763323535343238313536313135
3331653962343032343662373030343865373563353461630a656565636634646336623033343966
66316530313134353135613831623863633064633334613236336638313361353333386532623237
3565616330356662300a303365613566646332333133366138666433666336346634353533353731
36656134353537363439626465353366626264333330386161666632363461373938643461353063
62336632383663303331653236353836653631356265386664656464616235666430313137313066
61366464326662306530343263626262313666653138336561616461313339623039386666316564
63313535623631626236616534333531393766386331303565653466363837323831393863636238
65663737323533336430386135333033373835386333623262353230366465343633373333386333
64616265313938323138363038363532393461653263646566336334636635633337346362616432
39356262643663643934393732383039656437633962333262343436303761633263616361373364
30393434326532303439316665346531396330393661333430353838316364646633373131326638
33663037646539326534333936313539643637616562363537653133623263666565373063646331
38393163346633306161356138623938626163646563336538363335336164636433333965366266
61373633373138613139646637346331383332313332646338373530393734613039616638613931
63313639663161353064386463303934353235643337383538386339373962356637356334363262
61303863646362633063313138643733333539396533343737643738646632633861363566653735
34633765336532306261316662643964393636326134303461623866306431323639666132373035
37363530333962316363373937393565653262326166386137313336623562646163616434373130
61343838656563663666386632333962616130623131363463343332306339663735386335373931
38636333363962396635303865393030633736353533353338653866366265303662616662313134
32653436316336643331663964336466373166643365306230313636653830623932323536613866
33303464383932643262646332313663373861636635333934306261363037313361623832643139
65336532623335663963343734346533656461333330383231666661333238383537363836626662
39343038363132663165613037376661393362303663636535313839353331643633623864353866
66336338353034363038326534313834343765646631626137323838623832373961336666376466
30353365663731386435646562313266316433646333363435383866363762336661663335326535
62383536383437326638396436643634363835613835373037613733663566353030373533346535
62666538326262303431353630623764646636386435333236623837323761643662326139376232
38376333623133346265633636323635303761616636363433346663613530373137616265353033
35666166313636303230343662646238613231613637386334313230363837396136376136306436
33386637633639666536626236393236383365326162313732643963646136666265373732376235
35393865666535376535396337363564373430353234303765303035646164316232353632373931
62353466306332626130323866663062623866613366303765346164623333383562346566386137
65613966623737316232613633363666346262653966323937666239626530346365363464623962
35663934336164383036383230663733343864323936366166366131646337653162386331306535
31373432326165383334396663643037383335303863613962393138336264373666366534656130
62316136656335613865653438636533306337323466393263366439653339646462303539666433
62616664636139373734666238303261323866376136633032663266326363363661613034643838
66663930653436346235666233336239343264656336636639643563633539313438303030373462
30383564666364653936663834333131316261393962326339636133393230643435623335383364
66626236663965363935626536626136353133363862646537653230333839663037353162343561
30393661373563646133666162333432373163356366303037323536383761636265366537313464
65656265323030353533623261383464383839656237663033343434306637323163363630306637
36356333336339366639386638353439663730333461636530626437363165356534366431333661
30613837343263306461333737636338643564343966623863643061353238346331366632363365
31643364366633623739353463646364626633643433666465353731616431376139373336393738
62303437313239353535316533376337376139383662623930613730353364323334306434376330
65306366396566316162633733303264633739333362613132313231663736383938653833623763
66383635303064323538326636353439666434383434303038633035396633663762313464633033
38393063346665336434346164663433633161343263666336376532346537343438393334663865
65653864373763626466643132363731656639663137386439333762383163323331353963383233
34306237303061346539643233653939666235663565343433343132396534393134323733303164
65336365363332326539316135366138336538316239633831663837646363656639386230656332
66343765663739373331666533383233626431623839353233356235316665626233616135613331
39643539313065646464393633646164383033386364353262343936373563656565396135346339
39623539616662623134653234346134313033666635316162383833313062336634363666336633
35336263336635663638663235306666626566663630393238346439616262343434653062613533
37316232393663323134663961643065613236363262663465313062333135373636303530613866
34383633626264626665333338363961393263393164643437393635336461333736633537353339
36376438383337326364623832323863346138383037663266343762663336646136346130613730
63393562663638306630663366663834373032383263616335326638336664316262653838636333
63663132653835383563343965353033373363353238656230343132346130633230623830323965
62323137326330623166363230346334653866626134333262666666613831363639613362376666
34363737393661643435313364346439633962316461383764643232386232333763346362373133
36366430313234363663636433313135653166353963626237336261653134313239623865366135
32306135653239353064376233306338646463343936616265393065646334356639346630363031
38333134656638393632643261353639353061306334383136616230633161653563313937663539
37386266333664383832363261613165613863343639393465613435366666316437643566656432
32663632373838393633653130373531313363356263353636346538323264613432326634656364
37323834663938643731656164306531363138306162393031613234656663313863653166626165
30623463346133313866373836613231323762333731646237376365393765663638366332356566
61353430393263386437376432626564326133343662666163323264303463303436636339666437
36386436643365663735363232623063373564666163623031373564363930633366653732396631
65386566613164643539333836363036623935383564633837623761623536336532653433333731
39326566633738336337626234623763336431613339636262366239346332653630333162356161
39383832336234643933346465306365326636333537376631653733353461363061343133336566
35626639346363323735626634653266623261386462343936363136333330336365303936323335
62326636346566653039376138303565353639376630393062666136363233313937326339393636
32653430326630343536613338636264303736373236343636656265316235666562356436393939
66653461363535336665396361643830333861376665393235613238323865363639396639376631
62636535393737633939653461663131336435356131616131633831646464306334653130623234
39633966323464633763346265386466653733363531373830343632616337306263396466373031
33633339396366653435353965616231393063373666323134656132303034346263636437343466
64623230363962306236623164303739363934376537633430653936306162323661373966636264
39646132353561623162626434313138623432393339383330356639363932346265343962363464
39663662643931643261343235363561343666353664623832366364386430326232663161646639
37643139613463663132633639303339636162613831396664643839613232316465353465616335
64373166663734633964353430623335333963323837663839623735356462386535353135336466
31643965343531613137333536373764653538383039626663366633653939316336393661623636
62643532363761323933653933323366383066363734346230613663653930613463356261373337
39376436333136636564616234326436366637623764353338646236623966663631363532393233
63303761386433343836656566656362616232303338653533353539626131666435623536353339
64386265346665626666343133643432303962633030323865376537333034393031396564336336
63343032313634663834666130616363343862343439633538663063356534316266353035313362
36396633646261306237353264343233653366376436323433613164663166393932363662393632
63333262633066633830346135343135306230323761393663303363383537316536643963326334
33343035393735316633393238663063306365333036643339396530306238386564313236383330
33396539386364376462643564616164666465383864386536303636313863353266353461333737
66303364616634613562
